[ 19  23 220  17  23  45  17  25  45  17  25  45  20  21  45  19  21  45
  17  24  45  19  21  45  17  23  45  18  21  45  17  21  45  17  22  45
  17  21  45   0   0   0   0   0   0   0   0   0   0   0   0   0   0   0
   0   0   0]
[ 16  23  45  18  21  45  16  24  45  16  22  45  16  24  45  17  21  45
  19  21  45  19  23 220  18  21  45  16  21  45  20  21  45  16  22  45
  16  25  45   0   0   0   0   0   0   0   0   0   0   0   0   0   0   0
   0   0   0]
[ 17  24  45  16  22  45  18  21  45  17  21  45  16  23  45  19  23 220
  16  21  45  16  21  45  18  21  45  16  24  45  16  21  45  19  21  45
  16  22  45   0   0   0   0   0   0   0   0   0   0   0   0   0   0   0
   0   0   0]
[ 16  20  45  17  23  45  17  21  45  17  21  45  16  20  45  18  21  45
  19  23 220  16  22  45  16  22  45  16  20  45  15  21  45  16  21  45
  16  23  45   0   0   0   0   0   0   0   0   0   0   0   0   0   0   0
   0   0   0]
